title: 23 Princes Street
hidden: true
lat: -45.8741921
lng: 170.5035799
