title: 343 George Street
allAges: true
lat: -45.8689054
lng: 170.5063113
