title: Blue Oyster Art Project Space
lat: -45.8765963
lng: 170.5033066
