title: Buller Street
lat: -45.88207490852411
lng: 170.5064605233047
died: 1600-01-01T00:00:00.000Z
