title: Emerson's Brewery
lat: -45.870356
lng: 170.5141523
