title: No.8 Distillery
lat: -45.8804951
lng: 170.498169
