title: No.8 Distillery
lat: -45.880364355144586
lng: 170.50079753226558
