title: ReStore
lat: -45.885687
lng: 170.4994906
died: 1600-01-01T00:00:00.000Z
