title: ReStore
lat: -45.885687
lng: 170.4994906
