title: Woof!
lat: -45.87436822190708
lng: 170.50548259143022
