title: XYZ
lat: -45.8762624
lng: 170.5020938
date: 2020-01-01T00:00:00.000Z
died: 1600-01-01T00:00:00.000Z
