title: YYY
lat: -45.880399
lng: 170.5003695
died: 2019-06-25T00:00:00.000Z
date: 2016-01-01T00:00:00.000Z
